0 0.149988 0.492020 0.136937 0.249468
0 0.445109 0.470259 0.072401 0.180467
0 0.538368 0.482998 0.066894 0.146495
0 0.668341 0.470937 0.075553 0.145435
0 0.905179 0.472923 0.017387 0.039997
0 0.873240 0.463050 0.028187 0.051352
0 0.843040 0.473541 0.032945 0.062464
0 0.800489 0.472056 0.040450 0.073820
0 0.613815 0.481046 0.021413 0.040736
0 0.596792 0.468208 0.014825 0.025924
0 0.503722 0.474750 0.024161 0.045921
0 0.568697 0.479073 0.013178 0.034812
0 0.385083 0.490280 0.044108 0.062708
0 0.312511 0.504600 0.040267 0.067649
0 0.333744 0.480036 0.017570 0.024442
0 0.282953 0.481268 0.019584 0.035798
0 0.250190 0.478306 0.018851 0.037772
0 0.213601 0.482772 0.027938 0.061148
0 0.070488 0.489350 0.031101 0.055107
0 0.011523 0.498949 0.023046 0.063638
