0 0.256032 0.443242 0.121662 0.238116
0 0.070865 0.355883 0.086470 0.178412
0 0.126809 0.316803 0.047876 0.129748
0 0.196431 0.273687 0.043481 0.111320
0 0.257257 0.251565 0.037129 0.077404
0 0.292434 0.251573 0.036155 0.084777
0 0.316372 0.232033 0.021495 0.066350
0 0.337134 0.237559 0.032734 0.074466
0 0.364980 0.308331 0.042507 0.114258
0 0.031539 0.232033 0.044946 0.069288
0 0.013083 0.275898 0.026165 0.098056
0 0.137306 0.242715 0.040551 0.084777
0 0.399641 0.253976 0.045005 0.053680
0 0.396465 0.215401 0.030629 0.032700
0 0.410010 0.199763 0.028515 0.038398
0 0.460197 0.237263 0.036519 0.063635
0 0.275359 0.199763 0.023559 0.035549
0 0.494715 0.248286 0.027797 0.070757
0 0.527935 0.284191 0.050423 0.108442
0 0.585659 0.236024 0.034405 0.088872
0 0.540777 0.230861 0.027099 0.053680
0 0.560688 0.231046 0.023088 0.064703
0 0.513800 0.212018 0.020265 0.039466
0 0.641735 0.253264 0.040049 0.069318
0 0.662822 0.225890 0.028987 0.067893
0 0.686735 0.236550 0.024031 0.065059
0 0.743156 0.220905 0.032724 0.073591
0 0.722670 0.282055 0.061504 0.120519
0 0.661175 0.349251 0.105320 0.163190
0 0.437085 0.365252 0.115211 0.205846
0 0.811878 0.273620 0.048043 0.121632
0 0.790300 0.220786 0.029312 0.057745
0 0.858289 0.271476 0.028496 0.081706
0 0.898800 0.261024 0.027276 0.079258
0 0.934425 0.304955 0.070836 0.172018
0 0.971273 0.270549 0.021583 0.115490
0 0.985113 0.258294 0.028909 0.086083
