0 0.324005 0.628469 0.033520 0.083801
0 0.420373 0.618692 0.050280 0.099627
0 0.491952 0.604260 0.035614 0.087526
0 0.609619 0.611709 0.067039 0.128490
0 0.707734 0.597743 0.043994 0.100559
0 0.799215 0.567946 0.037009 0.067039
0 0.555151 0.545599 0.037708 0.059591
0 0.467161 0.544205 0.034915 0.073556
0 0.281058 0.567946 0.027237 0.067039
0 0.042930 0.513944 0.031425 0.044693
0 0.825751 0.526979 0.016064 0.037240
0 0.868348 0.537222 0.017459 0.037244
0 0.843209 0.530704 0.010474 0.033520
0 0.437833 0.550722 0.030726 0.030727
