0 0.233392 0.461359 0.100559 0.157542
0 0.109370 0.412754 0.103911 0.100560
0 0.194006 0.356330 0.055308 0.070394
0 0.269008 0.372531 0.049441 0.087152
0 0.375013 0.346273 0.045251 0.070391
0 0.433252 0.371973 0.037710 0.079329
0 0.474734 0.371971 0.043574 0.083799
0 0.540096 0.414430 0.068713 0.135195
0 0.426130 0.587614 0.110615 0.220111
0 0.583672 0.664709 0.174302 0.280446
0 0.657833 0.460241 0.089666 0.115085
0 0.966138 0.473647 0.067725 0.130726
0 0.789398 0.365269 0.054470 0.083799
0 0.577386 0.295436 0.027654 0.055866
0 0.607974 0.285379 0.021787 0.058102
0 0.669984 0.277000 0.031843 0.077093
0 0.721941 0.278117 0.021787 0.054749
0 0.743728 0.273647 0.023462 0.056982
0 0.700571 0.364709 0.039385 0.069274
0 0.936465 0.355213 0.040225 0.074860
0 0.984154 0.374766 0.031692 0.067038
0 0.823756 0.283704 0.020950 0.048047
0 0.850990 0.284263 0.026814 0.046930
0 0.892472 0.279235 0.020950 0.050280
0 0.966213 0.279795 0.031006 0.064805
0 0.858113 0.342363 0.025977 0.058099
0 0.892891 0.330073 0.028491 0.051396
0 0.994629 0.278677 0.010742 0.042458
