0 0.214494 0.503087 0.101395 0.193293
0 0.690471 0.501970 0.101398 0.197763
0 0.641029 0.809232 0.103073 0.193297
0 0.387958 0.657836 0.049441 0.087149
0 0.357789 0.553366 0.059498 0.097208
0 0.131532 0.533255 0.049441 0.106144
0 0.316728 0.690238 0.051116 0.138545
0 0.163795 0.649455 0.051954 0.101674
0 0.463797 0.621517 0.060334 0.072639
0 0.356534 0.545546 0.041900 0.070391
0 0.573152 0.635490 0.054468 0.105029
0 0.886560 0.501970 0.039386 0.086031
0 0.853879 0.631020 0.059496 0.091623
0 0.521197 0.615936 0.036033 0.074861
0 0.143450 0.855824 0.147700 0.198863
