0 0.025884 0.489992 0.026306 0.052400
0 0.058122 0.520304 0.027119 0.043308
0 0.056744 0.482408 0.022738 0.030750
0 0.115206 0.495729 0.022088 0.034858
0 0.224672 0.483821 0.026631 0.040925
0 0.202097 0.570221 0.042556 0.051325
0 0.279213 0.517733 0.024363 0.044933
0 0.317788 0.497971 0.014887 0.036458
0 0.334569 0.518275 0.015700 0.030133
0 0.351012 0.515475 0.013675 0.034283
0 0.529069 0.498196 0.016762 0.028325
0 0.575159 0.495075 0.018906 0.047550
0 0.616088 0.514696 0.025925 0.051975
0 0.648734 0.503388 0.017931 0.051192
0 0.672119 0.504429 0.019875 0.045475
0 0.712556 0.530933 0.016175 0.032483
0 0.761962 0.511446 0.027675 0.050675
0 0.797334 0.486208 0.028644 0.048083
