0 0.114817 0.561357 0.079609 0.151953
0 0.206577 0.656330 0.077095 0.125140
0 0.424453 0.655771 0.077095 0.103913
0 0.384231 0.759683 0.092178 0.157542
0 0.275712 0.574207 0.042737 0.086032
0 0.309230 0.512754 0.036033 0.070391
0 0.350710 0.509961 0.026816 0.040221
0 0.378364 0.499906 0.018437 0.055866
0 0.400153 0.511637 0.021790 0.059219
0 0.429063 0.501580 0.029331 0.056982
0 0.480599 0.488732 0.018435 0.033519
0 0.533392 0.493760 0.025139 0.045807
0 0.558114 0.484821 0.014246 0.034635
0 0.543030 0.697111 0.074580 0.121787
0 0.814539 0.478675 0.039385 0.073743
0 0.861046 0.488732 0.043577 0.102796
0 0.914677 0.476440 0.031843 0.060335
0 0.635627 0.533424 0.026816 0.055866
0 0.523756 0.551860 0.025979 0.052516
0 0.486885 0.531750 0.024302 0.027933
0 0.494845 0.559681 0.026814 0.041341
0 0.570684 0.533424 0.022627 0.035755
0 0.594565 0.520576 0.018437 0.034635
0 0.620125 0.522811 0.015923 0.034639
0 0.711465 0.475882 0.015923 0.030169
0 0.695962 0.507166 0.015083 0.027933
0 0.672499 0.521134 0.021790 0.033519
0 0.664539 0.549067 0.024302 0.044691
0 0.681298 0.592642 0.036033 0.071507
