0 0.162499 0.524486 0.067039 0.132962
0 0.209510 0.511637 0.029329 0.079329
0 0.610488 0.621693 0.068716 0.129609
0 0.409789 0.547391 0.029329 0.056982
0 0.846801 0.531748 0.028494 0.052513
0 0.672917 0.552419 0.032681 0.064805
0 0.517471 0.548509 0.036870 0.050280
0 0.489817 0.506610 0.013408 0.031286
0 0.324370 0.525604 0.009077 0.030726
0 0.114175 0.513499 0.027236 0.036315
0 0.077513 0.567969 0.029329 0.042832
0 0.533169 0.516294 0.016060 0.025140
0 0.468923 0.517690 0.014663 0.031657
0 0.374999 0.606610 0.048884 0.092178
0 0.476256 0.591712 0.064246 0.116387
0 0.611731 0.529329 0.039106 0.054935
0 0.729398 0.578677 0.055168 0.073558
0 0.718225 0.686683 0.109639 0.175977
0 0.908169 0.536312 0.038408 0.063314
0 0.722764 0.514896 0.037710 0.037246
0 0.748951 0.530724 0.020251 0.039105
0 0.802722 0.531190 0.032822 0.045622
0 0.262568 0.501860 0.043296 0.070765
0 0.307960 0.526069 0.018157 0.029795
0 0.030027 0.603817 0.054468 0.079144
0 0.391410 0.482772 0.018855 0.034450
0 0.437150 0.486030 0.020950 0.027933
0 0.556913 0.516294 0.013269 0.030726
0 0.577513 0.535379 0.015364 0.039105
0 0.565292 0.556330 0.031423 0.043760
0 0.514315 0.515827 0.016062 0.020482
0 0.463336 0.486032 0.011873 0.026068
0 0.436801 0.529328 0.020251 0.032588
0 0.387042 0.529673 0.018865 0.031924
0 0.341826 0.536349 0.019917 0.025238
0 0.368677 0.524172 0.013975 0.019365
0 0.375555 0.516248 0.012986 0.021423
0 0.828743 0.593843 0.048750 0.121331
