0 0.699269 0.554621 0.049112 0.077642
0 0.736922 0.520942 0.038819 0.060800
0 0.700672 0.500050 0.038356 0.057067
0 0.656706 0.496304 0.029000 0.055192
0 0.646300 0.473233 0.028762 0.031500
0 0.595550 0.475104 0.018475 0.037725
0 0.575556 0.443204 0.009963 0.016542
0 0.589794 0.459621 0.012500 0.018292
0 0.547828 0.420396 0.015419 0.024558
0 0.565403 0.444267 0.009206 0.017667
0 0.503466 0.425975 0.008081 0.016917
0 0.452809 0.436187 0.007331 0.011275
0 0.440075 0.431113 0.007800 0.013658
0 0.476916 0.434871 0.006106 0.013408
0 0.486784 0.433492 0.007044 0.011900
0 0.514556 0.427350 0.005262 0.011400
0 0.519866 0.430483 0.004794 0.013917
0 0.535044 0.431863 0.004512 0.015658
0 0.404359 0.433367 0.009306 0.014417
0 0.391387 0.431987 0.008362 0.016158
0 0.373625 0.430358 0.009300 0.014667
0 0.395431 0.420396 0.006487 0.014542
0 0.387066 0.422150 0.004794 0.010783
0 0.366106 0.417450 0.006112 0.015917
0 0.319394 0.429917 0.016262 0.020300
0 0.360044 0.431546 0.007325 0.016042
0 0.292513 0.437125 0.017200 0.034467
0 0.264881 0.434871 0.017950 0.031208
0 0.225691 0.466575 0.011744 0.022183
0 0.234338 0.461117 0.007238 0.019067
0 0.137666 0.433887 0.017706 0.030592
0 0.120866 0.421662 0.010256 0.020158
0 0.078847 0.424958 0.012844 0.024867
0 0.098819 0.415133 0.008150 0.017750
0 0.025966 0.406283 0.018944 0.044900
0 0.011116 0.415796 0.014969 0.038975
