0 0.287359 0.417596 0.064944 0.099625
0 0.137569 0.509312 0.046088 0.094975
0 0.173534 0.574021 0.034219 0.105208
0 0.668994 0.416667 0.036313 0.088450
0 0.741269 0.434358 0.041200 0.099633
0 0.536312 0.414337 0.020950 0.037242
0 0.553772 0.417129 0.012569 0.037242
0 0.409916 0.418996 0.018156 0.059592
0 0.343575 0.414804 0.025138 0.032592
0 0.217869 0.427837 0.022363 0.023275
0 0.217875 0.533521 0.036312 0.078208
0 0.242319 0.498138 0.030725 0.055858
0 0.225559 0.472533 0.025144 0.032583
0 0.915153 0.404562 0.028631 0.094042
0 0.973812 0.424117 0.039800 0.095900
0 0.991969 0.445996 0.016063 0.068908
0 0.829269 0.419925 0.024463 0.031650
0 0.873603 0.409683 0.022344 0.020483
0 0.185056 0.429238 0.008375 0.018625
0 0.171437 0.429704 0.006288 0.017692
0 0.159216 0.433892 0.008381 0.016767
