0 0.327863 0.651302 0.071926 0.133145
0 0.740920 0.633145 0.135474 0.214154
0 0.444830 0.499998 0.065642 0.076351
0 0.490920 0.477186 0.044692 0.082868
0 0.587987 0.422253 0.036311 0.054935
0 0.429468 0.433424 0.037710 0.054935
0 0.316339 0.474860 0.032122 0.059590
0 0.386521 0.490221 0.041201 0.062383
0 0.305865 0.439943 0.020950 0.032588
0 0.256633 0.437150 0.031426 0.040036
0 0.201814 0.434821 0.032124 0.050280
0 0.167946 0.440407 0.025837 0.055866
0 0.141060 0.427839 0.032124 0.045625
0 0.116619 0.467409 0.037710 0.059590
0 0.010474 0.444598 0.020947 0.066110
0 0.044342 0.436217 0.030027 0.047487
0 0.067037 0.455771 0.032122 0.051211
0 0.204957 0.518154 0.056565 0.092181
0 0.241619 0.461823 0.044692 0.048418
