0 0.252396 0.576812 0.133666 0.330473
0 0.088324 0.471426 0.071125 0.234456
0 0.062042 0.292471 0.029874 0.080244
0 0.099504 0.318474 0.052321 0.091963
0 0.029611 0.257013 0.037301 0.092249
0 0.214784 0.242135 0.030039 0.076332
0 0.312738 0.260172 0.033832 0.109398
0 0.360268 0.249284 0.023761 0.063324
0 0.357297 0.351991 0.048033 0.117536
0 0.470173 0.294470 0.031172 0.083553
0 0.482726 0.239448 0.024587 0.058324
0 0.527207 0.241082 0.026404 0.055000
0 0.613603 0.299391 0.035814 0.080244
0 0.482313 0.405172 0.066672 0.132521
0 0.777404 0.377221 0.059418 0.157765
0 0.754548 0.297128 0.025917 0.062507
0 0.833186 0.370315 0.029378 0.092865
0 0.912227 0.265330 0.152258 0.437278
