0 0.891496 0.878531 0.156112 0.166607
0 0.794961 0.684647 0.046888 0.084041
0 0.091356 0.814022 0.102603 0.168828
0 0.264516 0.729470 0.061274 0.105340
0 0.225336 0.678446 0.049418 0.069951
0 0.254664 0.659519 0.043414 0.053082
0 0.289872 0.603001 0.023248 0.047938
0 0.312780 0.624028 0.020784 0.048350
0 0.370358 0.596871 0.016780 0.040942
0 0.377130 0.670216 0.039256 0.080651
0 0.387600 0.614050 0.017088 0.034562
0 0.458955 0.622177 0.024323 0.043410
0 0.169991 0.924535 0.112625 0.150930
0 0.571470 0.584437 0.016569 0.027002
0 0.581626 0.598223 0.020847 0.034862
0 0.622841 0.596866 0.027582 0.038145
0 0.680625 0.583007 0.024909 0.031002
0 0.699083 0.620301 0.037075 0.058292
0 0.729296 0.635389 0.036433 0.062408
0 0.725062 0.593983 0.027453 0.032402
0 0.719162 0.568351 0.022836 0.028459
0 0.769773 0.581554 0.025787 0.024346
0 0.733978 0.575981 0.016806 0.018690
0 0.782473 0.607870 0.029890 0.037549
0 0.828274 0.614807 0.021957 0.031901
0 0.865927 0.610271 0.029509 0.049205
0 0.951690 0.602821 0.041694 0.046996
