0 0.795425 0.541400 0.067737 0.168367
0 0.716866 0.533450 0.071231 0.150600
0 0.288094 0.466600 0.032125 0.063467
0 0.337047 0.465112 0.023094 0.050275
0 0.381022 0.461971 0.029206 0.062725
0 0.449019 0.445946 0.022550 0.048775
0 0.416094 0.442196 0.012362 0.038108
0 0.391553 0.433146 0.016031 0.029708
0 0.475916 0.441454 0.011956 0.032925
0 0.470891 0.422913 0.008156 0.020475
0 0.480741 0.420196 0.006656 0.019375
0 0.945841 0.462629 0.035306 0.067408
0 0.855163 0.452463 0.016050 0.055642
0 0.991778 0.443371 0.016444 0.063125
0 0.571256 0.429933 0.021500 0.031850
0 0.607481 0.450637 0.020700 0.047775
0 0.553125 0.436500 0.009750 0.031500
0 0.642306 0.439350 0.014500 0.040583
0 0.657338 0.427558 0.009437 0.025333
0 0.700147 0.442058 0.019556 0.029333
0 0.724025 0.429975 0.012313 0.028500
0 0.697775 0.419808 0.010062 0.014500
0 0.706366 0.421946 0.006506 0.008058
0 0.523394 0.429704 0.007688 0.025142
0 0.492319 0.431563 0.006987 0.025142
0 0.515434 0.425233 0.009219 0.022350
0 0.428281 0.425008 0.009213 0.026817
