0 0.035598 0.621486 0.051678 0.135011
0 0.638251 0.538618 0.037708 0.108940
0 0.878125 0.534428 0.035614 0.113593
0 0.957734 0.519064 0.028632 0.064247
0 0.802707 0.480426 0.032821 0.063315
0 0.833783 0.502304 0.022346 0.067971
0 0.240206 0.493459 0.078213 0.070764
0 0.526519 0.513014 0.055866 0.085662
0 0.593559 0.516738 0.041900 0.085662
0 0.739509 0.517204 0.033520 0.069832
0 0.691324 0.523255 0.037708 0.094974
0 0.899772 0.499046 0.035614 0.054006
0 0.977645 0.541877 0.044709 0.117321
0 0.662344 0.494390 0.025839 0.057727
0 0.476589 0.480890 0.045392 0.071692
