0 0.122708 0.610518 0.035181 0.046087
0 0.120547 0.578730 0.023765 0.027773
0 0.165219 0.576466 0.029783 0.038063
0 0.163599 0.613294 0.041045 0.054108
0 0.202175 0.568651 0.024380 0.036416
0 0.233497 0.587279 0.021912 0.037422
0 0.270685 0.608151 0.038577 0.052051
0 0.243065 0.563823 0.017283 0.031663
0 0.268062 0.576982 0.027466 0.026745
0 0.324537 0.597248 0.037341 0.038473
0 0.336650 0.568856 0.022373 0.032712
0 0.364889 0.577497 0.027620 0.049173
0 0.391351 0.554146 0.021912 0.039502
0 0.417275 0.600024 0.036724 0.053083
0 0.361803 0.543343 0.017126 0.022012
0 0.350460 0.558672 0.015740 0.030449
0 0.445359 0.565871 0.023145 0.029626
0 0.455697 0.549001 0.016047 0.026745
0 0.471282 0.567518 0.021602 0.035798
0 0.446129 0.565151 0.021912 0.028597
0 0.455543 0.611134 0.027776 0.048968
0 0.486636 0.614941 0.034102 0.072214
0 0.531692 0.635330 0.048296 0.079209
0 0.588553 0.583268 0.028699 0.045488
0 0.579989 0.540381 0.020212 0.029629
0 0.538867 0.561982 0.020366 0.032507
0 0.512789 0.545605 0.018826 0.033125
0 0.607842 0.553117 0.012036 0.037855
0 0.635154 0.561242 0.020986 0.036416
0 0.630447 0.536040 0.017744 0.023864
0 0.679207 0.618130 0.032559 0.058428
0 0.679901 0.575747 0.021604 0.028805
0 0.691556 0.556717 0.019915 0.026950
0 0.742627 0.571221 0.024844 0.044030
0 0.758983 0.603215 0.028855 0.040120
0 0.846782 0.621730 0.048296 0.054932
0 0.825565 0.571632 0.023455 0.039502
0 0.867999 0.568752 0.030554 0.039502
0 0.924397 0.633766 0.039038 0.070365
0 0.963745 0.612677 0.038730 0.066865
0 0.847168 0.734064 0.061411 0.119945
