0 0.338337 0.604283 0.027238 0.070767
0 0.282125 0.623833 0.030725 0.068900
0 0.253491 0.540504 0.016756 0.032592
0 0.233937 0.523279 0.015362 0.029792
0 0.354400 0.524208 0.014663 0.031650
0 0.512919 0.556333 0.017462 0.034450
0 0.536312 0.553071 0.016762 0.039108
0 0.484638 0.516758 0.009775 0.026067
0 0.472766 0.530258 0.011169 0.028867
0 0.610684 0.535379 0.011869 0.029792
0 0.585544 0.531192 0.010475 0.027000
0 0.571578 0.544692 0.011869 0.033517
0 0.631984 0.539571 0.012569 0.030725
0 0.656075 0.534450 0.013263 0.029800
0 0.706353 0.527000 0.018856 0.029800
0 0.738478 0.535850 0.013269 0.034450
0 0.662359 0.505121 0.011869 0.021408
0 0.265713 0.513967 0.014662 0.026067
0 0.335544 0.543296 0.016063 0.030725
0 0.416900 0.534454 0.011175 0.024208
0 0.457053 0.530725 0.011869 0.022350
0 0.772347 0.831004 0.085194 0.079142
0 0.800278 0.715083 0.039106 0.065183
0 0.825069 0.754188 0.042600 0.072625
0 0.878141 0.591713 0.028631 0.038175
0 0.833134 0.513779 0.020369 0.037242
0 0.773663 0.518825 0.013387 0.027933
0 0.871716 0.516108 0.015131 0.030267
0 0.908091 0.571588 0.019206 0.037242
0 0.891794 0.568096 0.016875 0.031808
0 0.791216 0.507183 0.004094 0.015333
0 0.865000 0.635425 0.021438 0.048850
0 0.107194 0.937150 0.021650 0.125700
0 0.159059 0.537283 0.011369 0.035733
0 0.147122 0.528300 0.013156 0.034650
0 0.284113 0.521583 0.013962 0.030750
