0 0.693126 0.462294 0.058512 0.124076
0 0.589810 0.488604 0.062202 0.127630
0 0.538151 0.480248 0.029519 0.054750
0 0.655569 0.467628 0.020820 0.040885
0 0.726071 0.472784 0.013704 0.058304
0 0.470020 0.485225 0.019767 0.039108
0 0.440246 0.476274 0.017579 0.032049
0 0.426397 0.489956 0.026260 0.054867
0 0.397227 0.494125 0.033108 0.067173
0 0.121425 0.522419 0.101034 0.178943
0 0.218933 0.508050 0.029889 0.038810
0 0.293506 0.498904 0.067435 0.117010
0 0.238052 0.492497 0.023719 0.040292
0 0.254635 0.501237 0.013837 0.028739
0 0.040083 0.515741 0.048959 0.071670
